GetAccountInfoResp 
{
     context: RpcResponseContext 
     { slot: 427988801,
     api_version: Some("4.0.3") },
     value: Some(Account 
        { lamports: 1261261952,
        data: [33, 11, 49, 98, 181, 101, 177, 13,
               16, 39, 30, 0, 88, 2, 136, 19,
               192, 212, 1, 0, 224, 147, 4, 0,
               120, 85, 254, 255, 136, 170, 1, 0,
               232, 3, 0, 0, 0, 0, 0, 0,
               215, 41, 0, 0, 215, 41, 0, 0,
               150, 230, 255, 255, 0, 0, 0, 0,
               140, 34, 56, 106, 0, 0, 0, 0,
               0, 0, 0, 0, 0, 0, 0, 0,
               255, 4, 0, 0, 150, 230, 255, 255,
               4, 0, 0, 0, 0, 0, 0, 0,
               6, 155, 136, 87, 254, 171, 129, 132,
               251, 104, 127, 99, 70, 24, 192, 53,
               218, 196, 57, 220, 26, 235, 59, 85,
               152, 160, 240, 0, 0, 0, 0, 1,
               198, 250, 122, 243, 190, 219, 173, 58,
               61, 101, 243, 106, 171, 201, 116, 49,
               177, 187, 228, 194, 210, 246, 224, 228,
               124, 166, 2, 3, 69, 47, 93, 97,
               201, 72, 153, 103, 46, 121, 148, 165,
               58, 204, 158, 3, 181, 57, 163, 148,
               148, 3, 198, 153, 148, 115, 236, 234,
               220, 197, 30, 169, 232, 145, 107, 38,
               175, 95, 173, 150, 222, 160, 250, 171,
               233, 74, 111, 222, 157, 226, 197, 174,
               39, 60, 134, 183, 105, 146, 211, 143,
               129, 247, 133, 40, 0, 116, 233, 175,
               98, 249, 37, 48, 0, 0, 0, 0,
               21, 30, 214, 0, 0, 0, 0, 0,
               0, 0, 0, 0, 0, 0, 0, 0,
               0, 0, 0, 0, 0, 0, 0, 0,
               0, 0, 0, 0, 0, 0, 0, 0,
               0, 0, 0, 0, 0, 0, 0, 0,
               0, 0, 0, 0, 0, 0, 0, 0,
               0, 0, 0, 0, 0, 0, 0, 0,
               0, 0, 0, 0, 0, 0, 0, 0,
               0, 0, 0, 0, 0, 0, 0, 0,
               0, 0, 0, 0, 0, 0, 0, 0,
               0, 0, 0, 0, 0, 0, 0, 0,
               0, 0, 0, 0, 0, 0, 0, 0,
               0, 0, 0, 0, 0, 0, 0, 0,
               0, 0, 0, 0, 0, 0, 0, 0,
               0, 0, 0, 0, 0, 0, 0, 0,
               0, 0, 0, 0, 0, 0, 0, 0,
               0, 0, 0, 0, 0, 0, 0, 0,
               0, 0, 0, 0, 0, 0, 0, 0,
               0, 0, 0, 0, 0, 0, 0, 0,
               0, 0, 0, 0, 0, 0, 0, 0,
               0, 0, 0, 0, 0, 0, 0, 0,
               0, 0, 0, 0, 0, 0, 0, 0,
               0, 0, 0, 0, 0, 0, 0, 0,
               0, 0, 0, 0, 0, 0, 0, 0,
               0, 0, 0, 0, 0, 0, 0, 0,
               0, 0, 0, 0, 0, 0, 0, 0,
               0, 0, 0, 0, 0, 0, 0, 0,
               0, 0, 0, 0, 0, 0, 0, 0,
               0, 0, 0, 0, 0, 0, 0, 0,
               0, 0, 0, 0, 0, 0, 0, 0,
               0, 0, 0, 0, 0, 0, 0, 0,
               0, 0, 0, 0, 0, 0, 0, 0,
               0, 0, 0, 0, 0, 0, 0, 0,
               0, 0, 0, 0, 0, 0, 0, 0,
               0, 0, 0, 0, 0, 0, 0, 0,
               0, 0, 0, 0, 0, 0, 0, 0,
               0, 0, 0, 0, 0, 0, 0, 0,
               0, 0, 0, 0, 0, 0, 0, 0,
               0, 0, 0, 0, 0, 0, 0, 0,
               0, 0, 0, 0, 0, 0, 0, 0,
               0, 0, 0, 0, 0, 0, 0, 0,
               61, 159, 119, 6, 14, 69, 231, 13,
               70, 140, 29, 118, 169, 196, 27, 57,
               29, 95, 165, 146, 178, 221, 192, 226,
               75, 9, 203, 207, 52, 35, 184, 207,
               0, 0, 0, 0, 0, 0, 0, 0,
               0, 0, 0, 0, 0, 0, 0, 0,
               0, 0, 0, 0, 0, 0, 0, 0,
               0, 128, 1, 0, 0, 0, 0, 0,
               0, 0, 0, 0, 0, 0, 0, 0,
               0, 0, 0, 0, 0, 0, 0, 0,
               0, 0, 254, 255, 255, 255, 255, 255,
               255, 255, 255, 7, 0, 0, 0, 0,
               1, 0, 0, 1, 0, 0, 0, 0,
               0, 0, 0, 0, 0, 0, 0, 0,
               0, 0, 0, 0, 0, 0, 0, 0,
               0, 0, 0, 0, 0, 0, 0, 0,
               0, 0, 0, 0, 0, 0, 0, 0,
               0, 0, 0, 0, 0, 0, 0, 0,
               0, 0, 0, 0, 0, 0, 0, 0,
               0, 0, 0, 0, 0, 0, 0, 0,
               35, 147, 5, 106, 0, 0, 0, 0,
               0, 0, 0, 0, 0, 0, 0, 0,
               0, 0, 0, 0, 0, 0, 0, 0,
               0, 0, 0, 0, 0, 0, 0, 0,
               0, 0, 0, 0, 0, 0, 0, 0,
               0, 0, 0, 0, 0, 0, 0, 0,
               0, 0, 0, 0, 0, 0, 0, 0,
               0, 0, 0, 0, 0, 0, 0, 0,
               0, 0, 0, 0, 0, 0, 0, 0,
               0, 0, 0, 0, 0, 0, 0, 0,
               0, 0, 0, 0, 0, 0, 0, 0,
               0, 0, 0, 0, 0, 0, 0, 0,
               0, 0, 0, 0, 0, 0, 0, 0,
               0, 0, 0, 0, 0, 0, 0, 0,
               0, 0, 0, 0, 0, 0, 0, 0,
               0, 0, 0, 0, 0, 0, 0, 0,
               0, 0, 0, 0, 0, 0, 0, 0,
               0, 0, 0, 0, 0, 0, 0, 0,
               0, 0, 0, 0, 0, 0, 0, 0,
               0, 0, 0, 0, 0, 0, 0, 0,
               0, 0, 0, 0, 0, 0, 0, 0,
               0, 0, 1, 0, 0, 0, 0, 0,
               0, 0, 0, 0, 0, 0, 0, 0, 
               0, 0, 0, 0, 0, 0, 0, 0],
        owner: Pubkey(LBUZKhRxPF3XUpBCjp4YzTKgLccjZhTSDM9YuVaPwxo),
        executable: false,
        rent_epoch: 18446744073709551615 
        }
    )
    }

################################################

0	discriminator (8 байт) : 210b3162b565b10d
8	u64 - 1407377460535633680
16	u64 - 1288490188920000 
24	u64 -  468980363842936
32	(константа протокола) 1000
40	параметр?? - 46003394718167 
48	параметр?? - 4294960790 
56	last_update_timestamp
64	??? 0
72	??? 18446716130652325119
80	binStep??? 4
82  ???

88	So11111111111111111111111111111111111111112 	WSOL mint
120	EPjFWdd5AufqSSqeM2qN1xzybapC8G4wEGGkZwyTDt1v	USDC mint
152	EYj9xKw6ZszwpyNibHY7JD5o3QgTVrSdcBp1fMJhrR9o	Pool 1
184	CoaxzEh8p5YyGLcj36Eo3cUThVJxeKCs7qvLAGDYwBcz	Pool 2
216 62QHLLei3f5ieZ73WwTEnXbgKUnh6yHU1T8jadhSoGxo    какойто адрес??
248 11111111111111111111111111111111                ???резерв
280 11111111111111111111111111111111                ???
312 11111111111111111111111111111111                ???
344 11111111111111111111111111111111                ???
376 11111111111111111111111111111111                ???
